81050000, abbey1, 650200000, 88, 78, 17, 47bbf17a-95f4-11e1-84f9-00231470a30c, 1336101842
81050001, jerrell2, 650200001, 155, 147, 17, 47bc14de-95f4-11e1-84f9-00231470a30c, 1336113924
81050002, lady3, 650200002, 67, 62, 16, 47bc3c7a-95f4-11e1-84f9-00231470a30c, 1336130444
81050003, milton4, 650200003, 4, 3, 17, 47bc6330-95f4-11e1-84f9-00231470a30c, 1336089490
81050004, leonor5, 650200004, 96, 87, 16, 47bc8a18-95f4-11e1-84f9-00231470a30c, 1336101129
81050005, celeste6, 650200005, 112, 104, 15, 47bc91de-95f4-11e1-84f9-00231470a30c, 1336099665
81050006, loreen7, 650200006, 221, 216, 15, 47bc9418-95f4-11e1-84f9-00231470a30c, 1336059504
81050007, dinah8, 650200007, 68, 58, 17, 47bc967a-95f4-11e1-84f9-00231470a30c, 1336140590
81050008, margarette9, 650200008, 79, 77, 16, 47bc98c8-95f4-11e1-84f9-00231470a30c, 1336130786
81050009, rocco10, 650200009, 111, 108, 17, 47bc9b0c-95f4-11e1-84f9-00231470a30c, 1336056719
81050010, tasha11, 650200010, 223, 222, 15, 47bc9d1e-95f4-11e1-84f9-00231470a30c, 1336111062
81050011, shanon12, 650200011, 189, 184, 17, 47bc9f30-95f4-11e1-84f9-00231470a30c, 1336089492
81050012, bong13, 650200012, 121, 113, 15, 47bca138-95f4-11e1-84f9-00231470a30c, 1336097035
81050013, carmina14, 650200013, 198, 188, 15, 47bca354-95f4-11e1-84f9-00231470a30c, 1336055827
81050014, eustolia15, 650200014, 53, 47, 16, 47bca55c-95f4-11e1-84f9-00231470a30c, 1336121622
81050015, mckenzie16, 650200015, 249, 239, 15, 47bca764-95f4-11e1-84f9-00231470a30c, 1336118724
81050016, taryn17, 650200016, 157, 150, 15, 47bca962-95f4-11e1-84f9-00231470a30c, 1336056864
81050017, napoleon18, 650200017, 52, 51, 15, 47bcab6a-95f4-11e1-84f9-00231470a30c, 1336079117
81050018, richelle19, 650200018, 263, 260, 15, 47bcad72-95f4-11e1-84f9-00231470a30c, 1336086836
81050019, machelle20, 650200019, 9, 3, 15, 47bcaf7a-95f4-11e1-84f9-00231470a30c, 1336068683
81050020, daisey21, 650200020, 125, 118, 17, 47bcb18c-95f4-11e1-84f9-00231470a30c, 1336109814
81050021, nathanial22, 650200021, 188, 187, 16, 47bcb38a-95f4-11e1-84f9-00231470a30c, 1336063926
81050022, spring23, 650200022, 45, 44, 16, 47bcb59c-95f4-11e1-84f9-00231470a30c, 1336116173
81050023, karyl24, 650200023, 90, 88, 16, 47bcb7a4-95f4-11e1-84f9-00231470a30c, 1336090929
81050024, lavern25, 650200024, 195, 194, 15, 47bcb9ac-95f4-11e1-84f9-00231470a30c, 1336085544
81050025, shonda26, 650200025, 296, 289, 16, 47bcbbaa-95f4-11e1-84f9-00231470a30c, 1336104772
81050026, jonas27, 650200026, 166, 164, 15, 47bcbdb2-95f4-11e1-84f9-00231470a30c, 1336076121
81050027, melani28, 650200027, 246, 237, 15, 47bcbfa6-95f4-11e1-84f9-00231470a30c, 1336080660
81050028, alfonzo29, 650200028, 70, 64, 15, 47bcc1b8-95f4-11e1-84f9-00231470a30c, 1336115933
81050029, dustin30, 650200029, 199, 196, 15, 47bcc3c0-95f4-11e1-84f9-00231470a30c, 1336064017
81050030, hector31, 650200030, 187, 185, 15, 47bcc67c-95f4-11e1-84f9-00231470a30c, 1336110973
81050031, roger32, 650200031, 80, 77, 15, 47bcc8a2-95f4-11e1-84f9-00231470a30c, 1336084662
81050032, torrie33, 650200032, 84, 76, 16, 47bccad2-95f4-11e1-84f9-00231470a30c, 1336075841
81050033, william34, 650200033, 17, 11, 15, 47bccce4-95f4-11e1-84f9-00231470a30c, 1336131725
81050034, vi35, 650200034, 114, 112, 17, 47bcceec-95f4-11e1-84f9-00231470a30c, 1336099359
81050035, ivy36, 650200035, 288, 287, 17, 47bcd0fe-95f4-11e1-84f9-00231470a30c, 1336071781
81050036, shirlee37, 650200036, 2, -6, 15, 47bcd2f2-95f4-11e1-84f9-00231470a30c, 1336112978
81050037, joy38, 650200037, 171, 161, 17, 47bcd4d2-95f4-11e1-84f9-00231470a30c, 1336100149
81050038, bernadine39, 650200038, 193, 184, 15, 47bcd6d0-95f4-11e1-84f9-00231470a30c, 1336124043
81050039, ellsworth40, 650200039, 256, 247, 17, 47bcd8ba-95f4-11e1-84f9-00231470a30c, 1336080473
81050040, ashlie41, 650200040, 231, 225, 15, 47bcdaae-95f4-11e1-84f9-00231470a30c, 1336112468
81050041, iola42, 650200041, 204, 198, 15, 47bcde3c-95f4-11e1-84f9-00231470a30c, 1336121848
81050042, lyndon43, 650200042, 50, 42, 15, 47bce080-95f4-11e1-84f9-00231470a30c, 1336103980
81050043, sharyn44, 650200043, 201, 199, 16, 47bce274-95f4-11e1-84f9-00231470a30c, 1336119649
81050044, cletus45, 650200044, 254, 244, 17, 47bce472-95f4-11e1-84f9-00231470a30c, 1336120762
81050045, arla46, 650200045, 69, 59, 15, 47bce94a-95f4-11e1-84f9-00231470a30c, 1336078114
81050046, evonne47, 650200046, 74, 67, 16, 47bceb84-95f4-11e1-84f9-00231470a30c, 1336086069
81050047, despina48, 650200047, 173, 172, 15, 47bcedc8-95f4-11e1-84f9-00231470a30c, 1336099895
81050048, connie49, 650200048, 299, 290, 15, 47bcefbc-95f4-11e1-84f9-00231470a30c, 1336119818
81050049, luigi50, 650200049, 11, 6, 15, 47bcf1a6-95f4-11e1-84f9-00231470a30c, 1336102301
81050050, josette51, 650200050, 200, 196, 16, 47bcf39a-95f4-11e1-84f9-00231470a30c, 1336098157
81050051, miyoko52, 650200051, 252, 245, 15, 47bcf5a2-95f4-11e1-84f9-00231470a30c, 1336121748
81050052, nell53, 650200052, 279, 278, 15, 47bcf796-95f4-11e1-84f9-00231470a30c, 1336080996
81050053, lolita54, 650200053, 21, 13, 15, 47bcf98a-95f4-11e1-84f9-00231470a30c, 1336106773
81050054, rufus55, 650200054, 250, 247, 15, 47bcfb7e-95f4-11e1-84f9-00231470a30c, 1336115994
81050055, ruthanne56, 650200055, 166, 159, 16, 47bcfd9a-95f4-11e1-84f9-00231470a30c, 1336132008
81050056, leta57, 650200056, 278, 276, 15, 47bd0060-95f4-11e1-84f9-00231470a30c, 1336080163
81050057, sandy58, 650200057, 125, 117, 15, 47bd0344-95f4-11e1-84f9-00231470a30c, 1336061369
81050058, christopher59, 650200058, 78, 73, 15, 47bd0600-95f4-11e1-84f9-00231470a30c, 1336055839
81050059, tequila60, 650200059, 272, 270, 17, 47bd07fe-95f4-11e1-84f9-00231470a30c, 1336109554
81050060, mose61, 650200060, 31, 21, 15, 47bd09e8-95f4-11e1-84f9-00231470a30c, 1336077521
81050061, chanda62, 650200061, 87, 84, 17, 47bd0bd2-95f4-11e1-84f9-00231470a30c, 1336098777
81050062, chang63, 650200062, 19, 15, 15, 47bd0dee-95f4-11e1-84f9-00231470a30c, 1336092050
81050063, myles64, 650200063, 12, 8, 17, 47bd0fd8-95f4-11e1-84f9-00231470a30c, 1336127456
81050064, odelia65, 650200064, 258, 252, 16, 47bd11cc-95f4-11e1-84f9-00231470a30c, 1336064898
81050065, robena66, 650200065, 86, 78, 15, 47bd13b6-95f4-11e1-84f9-00231470a30c, 1336093353
81050066, waltraud67, 650200066, 109, 106, 17, 47bd15aa-95f4-11e1-84f9-00231470a30c, 1336091556
81050067, sierra68, 650200067, 43, 36, 17, 47bd1794-95f4-11e1-84f9-00231470a30c, 1336059732
81050068, melania69, 650200068, 198, 189, 16, 47bd1974-95f4-11e1-84f9-00231470a30c, 1336085952
81050069, augustina70, 650200069, 233, 223, 16, 47bd1b54-95f4-11e1-84f9-00231470a30c, 1336125128
81050070, justina71, 650200070, 203, 196, 15, 47bd1d3e-95f4-11e1-84f9-00231470a30c, 1336110598
81050071, tim72, 650200071, 222, 215, 17, 47bd1f3c-95f4-11e1-84f9-00231470a30c, 1336100696
81050072, noemi73, 650200072, 190, 184, 17, 47bd211c-95f4-11e1-84f9-00231470a30c, 1336103405
81050073, newton74, 650200073, 227, 222, 16, 47bd2306-95f4-11e1-84f9-00231470a30c, 1336081617
81050074, claudia75, 650200074, 87, 85, 15, 47bd24fa-95f4-11e1-84f9-00231470a30c, 1336065589
81050075, gertie76, 650200075, 159, 153, 17, 47bd26ee-95f4-11e1-84f9-00231470a30c, 1336115928
81050076, loma77, 650200076, 294, 290, 15, 47bd28d8-95f4-11e1-84f9-00231470a30c, 1336124938
81050077, zena78, 650200077, 206, 199, 15, 47bd2acc-95f4-11e1-84f9-00231470a30c, 1336139936
81050078, maurice79, 650200078, 113, 110, 15, 47bd2cb6-95f4-11e1-84f9-00231470a30c, 1336063451
81050079, alessandra80, 650200079, 194, 190, 15, 47bd2ebe-95f4-11e1-84f9-00231470a30c, 1336088229
81050080, karole81, 650200080, 45, 43, 15, 47bd309e-95f4-11e1-84f9-00231470a30c, 1336058566
81050081, kyla82, 650200081, 124, 118, 17, 47bd3292-95f4-11e1-84f9-00231470a30c, 1336077316
81050082, angeline83, 650200082, 147, 140, 16, 47bd3486-95f4-11e1-84f9-00231470a30c, 1336062416
81050083, debbra84, 650200083, 187, 178, 17, 47bd3670-95f4-11e1-84f9-00231470a30c, 1336090298
81050084, sena85, 650200084, 25, 18, 17, 47bd3864-95f4-11e1-84f9-00231470a30c, 1336084349
81050085, shavonda86, 650200085, 22, 16, 17, 47bd3a58-95f4-11e1-84f9-00231470a30c, 1336135354
81050086, tayna87, 650200086, 205, 197, 16, 47bd3c38-95f4-11e1-84f9-00231470a30c, 1336069659
81050087, junie88, 650200087, 181, 176, 15, 47bd3e18-95f4-11e1-84f9-00231470a30c, 1336088599
81050088, sydney89, 650200088, 170, 163, 15, 47bd40ac-95f4-11e1-84f9-00231470a30c, 1336134344
81050089, amber90, 650200089, 26, 18, 17, 47bd42a0-95f4-11e1-84f9-00231470a30c, 1336062509
81050090, andreas91, 650200090, 135, 128, 15, 47bd449e-95f4-11e1-84f9-00231470a30c, 1336092971
81050091, lavenia92, 650200091, 58, 56, 15, 47bd467e-95f4-11e1-84f9-00231470a30c, 1336085051
81050092, marty93, 650200092, 71, 62, 16, 47bd4868-95f4-11e1-84f9-00231470a30c, 1336091609
81050093, arnetta94, 650200093, 112, 111, 15, 47bd4a48-95f4-11e1-84f9-00231470a30c, 1336086583
81050094, lynn95, 650200094, 28, 27, 15, 47bd4c28-95f4-11e1-84f9-00231470a30c, 1336094808
81050095, majorie96, 650200095, 269, 259, 15, 47bd4e08-95f4-11e1-84f9-00231470a30c, 1336092936
81050096, warner97, 650200096, 77, 73, 16, 47bd5006-95f4-11e1-84f9-00231470a30c, 1336060040
81050097, terrie98, 650200097, 222, 218, 15, 47bd5204-95f4-11e1-84f9-00231470a30c, 1336102354
81050098, jamaal99, 650200098, 43, 42, 17, 47bd53ee-95f4-11e1-84f9-00231470a30c, 1336130010
81050099, man100, 650200099, 252, 249, 16, 47bd55ce-95f4-11e1-84f9-00231470a30c, 1336082328
